147844901
796701787
256699463
418729916
856416100
723729144
797125012
568677223
916111811
578551075
678610788
570607604
897265673
507314708
838588508
65310725
119093614
143693695
331054845
672142445
130942613
259109154
748138032
403057532
570120208
266212269
962558857
683859179
456810407
151984727
54162829
636931838
609257521
684044612
235507755
474043581
427881515
832910474
725005411
521291412
734297664
812504264
745218060
737967328
101051842
211752819
896916641
213749391
634189079
962951715
111671277
815065243
451762765
772873078
880902884
281278183
907386774
843309143
433474067
597451343
777690592
881417326
835828729
302348686
522232671
273886990
351154986
393788249
430982333
461655664
173397993
322258618
498493273
482887693
893298548
407609519
513954179
675044015
913429450
582071536
38992806
283880534
31024951
805458576
98506479
198580531
996079262
62826138
772354026
787870336
477141595
58359088
422777837
984270257
851650517
343238974
552428779
906548462
886443854
633636022
394089339
685461330
279523386
971579438
338190241
781262165
558261828
306989120
845648119
37851612
865320239
856082299
350025756
602612321
815817376
451704134
309769436
280635489
676358540
398969717
14998359
325318734
339832730
35403408
648989591
166387646
253821541
764938534
325494173
631500976
931073805
501144524
546920030
602567064
684296690
89680988
754956440
536889189
955856025
649055187
412931128
826208151
416269515
676817630
676489169
462250306
988918979
437411123
996885716
261037403
882078537
115719289
252631006
574772978
201140867
966141257
454497516
955636836
229020368
577245026
779501890
231250636
234047761
218763676
552731449
85728399
867916868
317457116
624039223
398054171
243326486
214425683
390307649
462680074
395474308
13085586
596068587
158558277
906773955
542337422
184833737
290990750
856986688
248054760
413406964
204654509
813605419
620059928
405768135
600387043
181866941
492142751
576673911
836693949
230258522
182991910
871917469
977409261
894882695
446302775
450060814
490957984
149429759
272519344
768048970
326146463
394692714
630420204
576313623
990276809
680322487
18283772
781123014
176564150
981033771
389229738
842843931
724523437
425978625
140918432
354379091
228378928
294640811
631063982
282342910
457471717
600332073
871706573
430399557
752825409
63095985
79102395
532556493
970102931
265099152
567034121
146015104
719298023
474043454
638668956
148407234
70792504
946434789
989283677
404103127
702367914
690644791
668479431
409312357
94230943
480062850
541382779
172573192
645347368
354740628
664711467
290264073
251276893
405892494
316770470
290187433
487351793
932070988
926453872
886378307
334048622
327834354
430294483
333523692
416296500
660083058
303280903
998334038
523258275
150566554
141281404
960858457
572820937
427102981
590279977
887791563
911582998
470203532
486150744
357965766
314779365
683633188
142582776
891202639
532306439
463057269
533562451
281029558
716660212
438935224
722345763
745573895
764054460
380431174
339334051
759105037
112691091
830050928
970255807
510676198
667725166
409510436
456411615
88957739
774441779
551604281
376449141
841796336
420911184
162131870
479246271
967006946
786559486
382820622
449312331
841165197
947986478
321258289
718332575
405520444
397842545
804329688
689925747
655815176
752118993
736911118
894976740
106227087
909328734
813801594
664257506
681288024
808838497
653054315
24436575
366646924
209119379
702994879
591500046
397442137
772686609
26900927
217979756
402235425
42293749
146219271
244189154
365713312
441640788
515793849
319444700
612325015
428960945
345861722
509162675
582620535
297260741
405641340
235075695
64980797
365412256
377213117
282007596
312000930
451930182
367555483
49772198
946406789
954057422
747477293
115482357
178760651
666768778
675993523
541726729
509775740
644504411
277799518
625453660
85934714
385184636
365053551
377621941
188424521
101268064
973682186
834732609
360317303
767544375
946427557
856116932
775969392
684242995
842936337
829816995
455872026
786369389
910279107
253570571
55833843
371265245
87888668
450308927
719175559
966919658
93276302
846908110
348561596
894362999
894785956
660942101
416825786
726003904
93173658
558453539
415514969
880741111
34945559
364461796
647593923
866106870
472346849
9753940
876558404
365820177
650690381
567027044
888788327
919207396
529871975
950154242
964241073
442704747
693982171
973202886
510599991
669279192
563237880
919747693
402925533
716349308
285772198
862188858
576927520
721290526
497767651
169640447
269758716
307097569
490263471
987663314
241332113
168178342
504373005
941603854
552386971
410471899
919317242
117980848
793353607
390034774
919046253
999056505
149598400
319632100
341510852
850437163
781706611
350807551
870036341
86348294
999747730
787308354
184212855
808805080
862511492
115333180
451365982
565710652
911898594
642968488
350726009
911653177
341044508
408360973
406982991
418946622
33047385
871026477
915753019
497956702
692718442
884175315
290466836
166941515
790147244
851782036
926241962
974364160
902373486
681251122
576660840
332957822
145786240
724760047
351021130
36738775
305709798
668164094
538751503
42448270
928305582
622795173
286491386
104501465
849034089
369309296
871262396
555468867
429174271
682462917
864671740
632872722
902625922
154842997
604910609
832158967
743375705
75330419
567639862
531610785
875262271
253083657
931862642
369525941
201946965
766015965
68608770
242352194
486262317
118695768
260222181
914286858
381391375
672392256
695635720
475421082
43707352
374187588
304717393
127906117
850326487
232508552
519278742
718331669
423179279
47947354
536827436
114138152
401139827
17974185
260394572
743784079
991967413
376540750
403053733
23150730
39569383
122063142
659607515
246843920
119167796
237623625
770794202
401332089
797152803
539428688
10810889
937036658
425491776
39657520
91587064
604786928
619307882
786942916
433401592
193856776
699365561
853599113
284442397
202337629
94984120
564217583
81967083
115260125
237424782
590586712
859280754
581763002
422484280
772955362
782954373
378217612
865996380
294263639
271605193
216312891
957483153
954429977
397260790
468959425
557272079
333323041
212849974
621006613
761114702
449900868
834843138
11936604
527759379
93351315
129088270
389715026
80032672
172999728
771204994
195209003
544754604
781111811
314959344
845971737
730416933
359079494
756857275
450271539
821377598
463214923
935398557
671998713
163828855
129378444
664251956
648263324
646112618
134385037
640981776
24245561
183582555
757453989
878296733
992079010
667930141
213573561
208800913
127871686
157117697
553765871
505653385
807804247
372167259
780874278
484189625
608999626
639138181
462638177
865877424
330515530
344529270
531913888
193615630
830194398
871490987
359566690
814868446
841428092
813833022
96264538
931537204
670966277
492592102
689425392
140187395
383943108
606393744
10198632
383126169
125387276
288038586
445244884
698024484
343464102
129986557
336618450
256599937
18539975
57880525
952441037
232962350
196155684
799376106
182735433
445114281
980282898
352454847
105634045
433671547
500080732
90508559
227407665
944191516
764576429
953054449
979036580
724647076
608269043
762102589
878930254
597423404
325959900
463285909
355173835
364652935
869000919
849691364
714817800
664180443
110848108
740515586
543053889
139593054
502086969
600712704
910994292
681866238
281300703
315098466
675450769
327685897
742924600
180849539
13508253
511972140
40455391
946790416
594551083
674213559
68381679
577460780
306069179
512267961
167504101
394667659
861863727
478897916
16301105
927243580
20410193
299820296
627547445
616003148
349787721
473358636
714490676
805000917
417003075
394743646
57247072
891583196
665207473
115833308
724582033
398200671
69835595
956646118
811965808
968974604
124851832
813152130
649470976
93117158
294737515
114181400
569619123
311893805
310662108
4078129
26314094
582390625
975243894
449552326
720147730
932342849
667126664
995029158
146662727
632611578
52000680
947634523
352666853
77685671
429576407
856604422
606304389
418992289
106166337
453547614
573880289
283570197
300615673
965741685
405207910
71573591
168618012
10001234
443108242
642962770
897628437
205363524
894069353
912689333
545043012
857026805
657276658
95757837
704035377
502055124
183482205
876639036
487336127
107627810
413170939
419803328
986385249
774154275
994587639
113168924
647636561
796828277
324729057
987523179
631614552
814308142
688360604
52881342
257788639
467752061
993815735
60852698
955229099
108837666
461399518
248011613
652228996
982157172
835893859
430056286
925627866
544029992
220244016
413712029
919940404
777956542
622278870
499677926
227782933
152253165
392179702
43402152
393695269
726686056
408228045
710907439
904257412
427128863
160948466
441575524
603577132
794043661
567105280
246396530
558107952
430546575
414005078
461075408
498099132
458288607
608562024
747625437
302008271
142182418
876960238
751827949
154056242
916272629
62874671
513515126
878085170
959116882
823966400
874075009
200577160
335594323
76994680
198367029
30326331
73995643
587870283
481101667
889986467
234250747
779342349
844330035
918757925
872593549
992095796
441399073
45171829
817030923
812463386
680123636
475247193
633046965
3501058
332898943
439677971
220975823
128003387
150811577
859958604
45821512
889519372
241518095
619644320
297825546
666942577
130177825
412969656
989189796
177928502
103997088
536249366
102334276
228471703
171388487
796896952
743053134
316619756
766576458
38762658
824475155
901251454
262684714
280162781
51167249
999553936
749077076
216407376
119212112
974645485
965934505
947294465
89093420
144563503
983566330
228535546
589397669
953134268
621878064
872913956
186942806
322033550
673627320
66465079
261880340
59156841
983441137
483332396
117080626
225595152
108580055
604808063
196462347
993522756
860827027
554860183
801987922
837745812
596860760
167539053
27789481
836745328
294454936
577202495
319884417
549600153
41168984
340061917
754374039
912817895
724599907
55430981
347850417
172605312
649310063
463170536
158961170
420851184
116159705
379986222
124347155
663707180
447881947
893416838
936457317
536950984
128567168
396841701
601873821
228157913
696682979
30792788
551099097
759342047
219959371
974842055
851504950
252870780
759593994
60829643
446605627
173005194
747096507
609356222
135961021
840168972
23514627
949818571
496519217
841592201
66801997
524306248
81804113
850636270
464635309
732671818
432780535
700075129
220392594
891215136
942523992
890429890
830388226
351965231
594365851
420035167
784431013
216755769
826792983
192585909
246170172
397847255
950457766
690564083
836404793
324122189
142975056
90122969
512071462
489149553
328764165
481030796
347750579
564700805
859736374
976840642
467256059
857697412
589505086
743736041
696734371
991396875
294188165
917543670
377841609
884622121
612734449
842891440
369956955
705031099
727608404
356790114
478771586
494209199
539243446
466984866
180105511
661266186
247272666
234884620
213277750
4993707
329617710
44581147
689772567
801702767
662401254
723879540
199649357
392102042
674146828
340196099
616255696
211750295
22859356
965018257
162436389
890785195
483747792
776750441
504123228
226654071
280134328
816263194
589826817
273524220
183423218
838026603
300522655
132482673
492675511
80040131
887924179
403993043
829268463
726088474
816443005
393180406
820846466
580862752
916871115
916148768
470144057
66990951
376938505
378076723
860102111
392720092
191756206
881731320
107024550
191423757
1484483
928332221
876914918
395999670
445875440
823989953
438869797
707582125
651172610
181394568
710857298
636238367
408616099
840424986
169723600
861333925
376978126
817121519
844074636
800948560
388343574
735794898
127298048
120853978
15674785
231211255
770543078
696740404
105551341
198501937
87747872
56393354
852922537
571332553
56047705
460544957
200596884
275629706
426262987
107027053
463037993
316853199
554291641
159912553
308145254
357548819
877038316
376424808
105813122
119822994
22740061
998239355
724786262
196492939
817671303
329060351
128491251
926583219
999392998
406996206
867692230
175463919
578388196
607513776
574905297
672279642
731089439
713753685
793659086
742994896
73475975
288673394
975919928
131795485
79901251
123910651
30755157
125258702
778993086
785708663
654978225
938458866
654442163
411049706
