1240
19510 6105 4731 8674
81273 9635 2467 69171
98174 12095 2306 83773
72921 6326 14245 52350
48628 8886 12008 27734
16544 9961 3586 2997
97176 14335 14219 68622
54002 5815 1825 46362
34716 8979 13810 11927
43304 19937 12005 11362
28460 14272 1526 12662
53896 9353 16064 28479
87713 5373 3110 79230
40683 7484 15342 17857
35045 12989 1390 20666
74197 15783 10056 48358
63087 12772 11820 38495
18386 2091 9645 6650
62495 12502 3961 46032
24458 8392 14418 1648
74598 11611 9064 53923
94320 17690 18640 57990
76525 18223 16466 41836
62307 5877 8918 47512
65700 17985 16141 31574
91086 12922 9969 68195
45611 19438 7790 18383
91816 18688 5080 68048
85141 16653 7660 60828
71225 10231 10000 50994
3832 21 3032 779
92493 6999 14569 70925
79316 18365 14078 46873
87233 3039 5145 79049
78398 6012 3216 69170
68971 10568 9899 48504
47493 18006 6100 23387
81069 18329 15830 46910
29802 3029 15779 10994
83946 18052 120 65774
34917 9530 5299 20088
97187 7955 11442 77790
72747 5451 8565 58731
56880 11666 8805 36409
97123 19158 12145 65820
71447 7916 1898 61633
71845 3335 13848 54662
83248 14145 11410 57693
31743 9498 10256 11989
80150 15079 10691 54380
69975 17300 6358 46317
45973 9369 4656 31948
40857 8268 3243 29346
22420 9674 1937 10809
36556 18112 6843 11601
45834 1301 8593 35940
56341 1520 19203 35618
90506 1391 11252 77863
66446 13987 1223 51236
72763 4876 9599 58288
84050 14497 2331 67222
63421 19822 19548 24051
97121 19768 15879 61474
77385 3017 1727 72641
46521 398 19842 26281
67293 19925 4111 43257
18318 11296 265 6757
98629 7686 11955 78988
80318 13902 7232 59184
53884 15927 10878 27079
49239 14603 18481 16155
42876 11057 8096 23723
36386 15041 12141 9204
97488 6995 5402 85091
96892 15219 17122 64551
47913 6545 17002 24366
86190 8527 7820 69843
61554 8136 4603 48815
43591 9525 6271 27795
52318 7030 10370 34918
88141 18581 4481 65079
33249 16233 2595 14421
46247 13616 18360 14271
75416 16449 4182 54785
64786 15150 8123 41513
99545 5845 17348 76352
21444 2134 12471 6839
27643 13370 8404 5869
62195 15222 13957 33016
61176 19217 13813 28146
36458 17730 13820 4908
66559 3025 6474 57060
8512 5109 857 2546
66621 19658 11851 35112
49039 9304 10834 28901
39978 13428 9683 16867
82084 12915 297 68872
12516 3775 5011 3730
45104 4688 18903 21513
49275 2534 11324 35417
55033 19695 11525 23813
57033 17596 17092 22345
46770 5132 5153 36485
24359 19034 3833 1492
6802 3294 3157 351
99509 3998 15340 80171
87851 1377 14569 71905
43045 15675 8265 19105
49452 19049 16701 13702
74894 4402 1309 69183
27834 12973 8521 6340
31150 12486 6489 12175
88622 8599 8913 71110
94662 13635 7337 73690
18290 6305 1661 10324
27337 14060 5326 7951
95014 13792 6314 74908
28817 17291 10885 641
93865 10973 11282 71610
46949 13941 14325 18683
40169 19200 8001 12968
19728 88 18342 1298
55652 2584 17757 35311
73954 17779 10157 46018
47587 12393 14587 20607
30649 18517 10915 1217
24902 2547 11503 10852
49537 17766 2381 29390
85761 17819 7474 60468
48874 1151 2934 44789
58047 9617 11377 37053
82732 5028 11555 66149
15733 10184 3577 1972
91730 13410 9616 68704
66592 14726 11928 39938
25198 2020 6394 16784
71046 16837 9276 44933
82765 228 5294 77243
38734 11094 19502 8138
71994 845 16236 54913
79488 6709 10250 62529
80187 11310 19430 49447
29648 15170 3794 10684
34003 16205 12798 5000
97922 13621 9637 74664
58523 15676 11524 31323
77154 19005 19394 38755
87480 3272 13889 70319
98183 19072 16394 62717
23725 13437 9352 936
41094 5947 17878 17269
61736 9776 11517 40443
87227 713 15218 71296
31828 7420 17280 7128
56554 13479 17134 25941
81393 15503 10396 55494
95851 14689 9625 71537
86338 2724 13298 70316
99393 13179 7817 78397
31509 10634 13226 7649
55424 4260 8062 43102
81148 1381 19509 60258
67986 5395 11988 50603
20552 1479 7218 11855
62739 9250 13047 40442
65242 5529 7354 52359
56771 1258 9320 46193
99038 6582 8800 83656
60774 3329 16301 41144
52855 2647 14782 35426
55283 13349 4979 36955
34746 15222 3395 16129
36443 17291 10770 8382
94854 14589 12051 68214
68132 4207 1085 62840
50728 12710 17691 20327
32329 4607 8879 18843
89234 11146 11840 66248
63408 5858 15285 42265
23208 12722 6791 3695
89202 1408 445 87349
31373 13036 14627 3710
79825 4773 17520 57532
54511 10895 1317 42299
45518 11357 3060 31101
74197 11720 1916 60561
21929 1943 8853 11133
40422 15395 848 24179
57111 15584 9519 32008
67943 572 16460 50911
84424 8791 3659 71974
68391 13481 9709 45201
31392 14557 6093 10742
93176 11610 7824 73742
75420 7190 8027 60203
97291 19695 3139 74457
75343 14892 1171 59280
19419 13161 6003 255
94109 14694 13538 65877
61666 19968 6219 35479
78375 6544 4275 67556
18718 9000 7698 2020
27962 12206 422 15334
63407 5424 4641 53342
97173 17241 17078 62854
64354 12176 3987 48191
77218 8208 4933 64077
68164 12073 729 55362
28805 17851 4553 6401
74243 19630 2674 51939
28309 17142 4644 6523
88994 9954 5579 73461
66200 9302 6049 50849
99545 7139 8616 83790
55909 19278 16505 20126
32694 7346 5148 20200
82219 14445 16821 50953
41547 14316 15486 11745
62636 13533 354 48749
58402 14433 11987 31982
55115 11233 1699 42183
95172 18800 15186 61186
54627 9828 8786 36013
64673 10659 152 53862
18235 3936 6490 7809
77930 12548 8678 56704
58452 17786 331 40335
81254 9876 9311 62067
48736 16769 14551 17416
31305 11867 579 18859
54389 4064 14795 35530
30271 17090 10232 2949
65652 18839 9911 36902
39154 135 15263 23756
61083 5856 11027 44200
40904 513 3245 37146
91777 13944 9198 68635
78003 12446 4242 61315
21258 215 10516 10527
61038 2562 16663 41813
31010 14090 14966 1954
99626 19705 1329 78592
60056 14134 1438 44484
94921 3847 18323 72751
96947 4903 19853 72191
86189 1946 4922 79321
74521 7589 14381 52551
48052 3173 11624 33255
84723 17705 16429 50589
55881 18950 2169 34762
53032 10405 16007 26620
87802 15287 13908 58607
56960 19740 15652 21568
4551 2746 247 1558
51929 50 5854 46025
84131 19329 12967 51835
14154 10586 1379 2189
75167 2692 16238 56237
99306 6314 2742 90250
83331 17192 6342 59797
78623 18528 4334 55761
54973 13506 10439 31028
24518 11052 11770 1696
92215 9648 13474 69093
59573 1089 6703 51781
86950 10960 7540 68450
40876 17237 13250 10389
47807 2519 15647 29641
44391 7979 8281 28131
38479 15207 11499 11773
81029 10258 922 69849
42325 16250 19473 6602
33344 1480 5014 26850
83519 19242 15081 49196
88341 13569 13280 61492
84671 6337 3138 75196
50006 9802 8619 31585
71268 12422 986 57860
34056 689 12543 20824
80193 15386 1231 63576
96073 12267 19243 64563
69104 6475 14809 47820
73213 4100 16893 52220
26636 9912 15781 943
39789 1882 19643 18264
97493 17822 4511 75160
76151 4691 15578 55882
52228 17078 8332 26818
78555 9199 18692 50664
43199 11681 17810 13708
68655 1082 5820 61753
73623 19802 3322 50499
85832 18103 17262 50467
76397 1591 14065 60741
55059 4845 16438 33776
48929 650 18519 29760
63813 12685 15412 35716
73207 9489 491 63227
98544 12625 13600 72319
38687 4907 9602 24178
64084 17105 10760 36219
54770 11759 902 42109
44929 16118 12526 16285
60450 16675 9496 34279
57088 8582 7406 41100
61312 15733 14872 30707
56141 4303 15262 36576
65563 5541 9577 50445
49220 17797 3398 28025
60256 8497 17487 34272
25988 827 17949 7212
55135 18835 12691 23609
22545 14458 4167 3920
34733 19529 8776 6428
65562 12663 15740 37159
55958 4343 15419 36196
82620 17886 16827 47907
12847 3407 3841 5599
53237 4219 4595 44423
38122 17442 15878 4802
97167 17301 18317 61549
48701 16560 9204 22937
33555 11202 3229 19124
97047 13107 15096 68844
94295 15186 7176 71933
99547 11498 5990 82059
42437 16172 7279 18986
90224 1490 13962 74772
23695 19867 3047 781
77099 286 4690 72123
39893 19823 15253 4817
41280 6836 203 34241
40513 9849 1592 29072
83425 18196 11751 53478
47458 17011 5768 24679
79131 9367 12179 57585
84989 1240 17674 66075
75686 17672 19573 38441
89665 4669 8887 76109
65911 6694 10040 49177
75315 18697 15998 40620
46956 16038 10995 19923
39865 12663 15311 11891
92204 409 1078 90717
64083 17093 9674 37316
65412 7598 11319 46495
75576 8942 19607 47027
41265 11274 11958 18033
86082 9697 8350 68035
28342 5852 1320 21170
61691 19278 16034 26379
73839 19060 5522 49257
61591 18 1565 60008
34338 3372 1124 29842
40238 3396 14852 21990
89140 15165 16136 57839
84938 11360 15827 57751
81503 18091 4890 58522
92967 15281 6037 71649
72674 16761 14687 41226
23820 228 14077 9515
23251 5342 11374 6535
30022 4445 7847 17730
43851 13865 4697 25289
81402 13399 13780 54223
79382 19648 12272 47462
39267 18385 307 20575
99874 3180 8402 88292
87949 12791 1323 73835
75723 2049 17181 56493
99652 3052 1307 95293
72231 18797 11466 41968
83886 13168 13053 57665
30081 9991 11117 8973
61757 12946 13666 35145
72480 17334 1554 53592
63035 6173 8561 48301
89816 11300 5366 73150
69471 13420 18168 37883
69818 17997 17334 34487
54001 9093 15262 29646
38709 12197 3475 23037
79050 12031 14115 52904
24961 4467 1779 18715
46058 9163 543 36352
70651 268 12244 58139
81319 15514 10502 55303
24855 14127 3328 7400
41268 16673 18153 6442
37315 18440 18152 723
93182 16160 8781 68241
95160 11210 12661 71289
17439 1387 8730 7322
86342 4742 18521 63079
99148 17102 10809 71237
92677 10784 15727 66166
32746 3596 17212 11938
66869 9366 5724 51779
93454 11949 17774 63731
83946 11617 5594 66735
36552 7319 9064 20169
31157 11615 2416 17126
75288 17975 8777 48536
96729 10876 12016 73837
43898 16369 15985 11544
92874 11442 4048 77384
80436 11357 7164 61915
49727 3082 6536 40109
51653 8314 14870 28469
34221 14834 15107 4280
48908 16158 8620 24130
46742 15316 6563 24863
61761 1589 8417 51755
94213 531 15288 78394
57613 13122 386 44105
20857 961 7677 12219
84028 16069 17293 50666
97115 10539 5915 80661
68007 18924 13645 35438
69333 19669 8804 40860
80112 15467 9619 55026
81746 16603 10851 54292
56708 17309 710 38689
24165 4188 1869 18108
33370 3628 12995 16747
84389 19223 4725 60441
20271 247 5551 14473
46174 15813 1420 28941
35812 10850 11213 13749
38243 16150 7988 14105
72666 5292 10371 57003
72868 19567 4200 49101
90502 18933 10391 61178
89267 4375 3799 81093
8464 433 1648 6383
79945 1523 19073 59349
42912 7208 13239 22465
73769 13948 13212 46609
89875 182 15061 74632
93361 5735 890 86736
38527 19422 5019 14086
40036 16825 12072 11139
30828 10723 6803 13302
94059 690 17518 75851
58148 4291 15273 38584
87551 16116 15766 55669
86465 10285 5886 70294
39477 3169 1449 34859
95480 6015 17858 71607
36891 13632 444 22815
40367 2011 16545 21811
69729 10627 7026 52076
49029 15839 11562 21628
73323 2745 5796 64782
80695 12852 14170 53673
94298 8421 4914 80963
49968 9769 14271 25928
45264 4856 8984 31424
31226 9710 9439 12077
52547 18394 16718 17435
65775 6081 13784 45910
68866 5331 12074 51461
23456 5837 11880 5739
76115 19790 17411 38914
44135 8874 19518 15743
31251 1159 11862 18230
99522 10416 9087 80019
78214 7306 18988 51920
38082 3424 19896 14762
54944 7856 6549 40539
83252 4741 14702 63809
85466 15845 13397 56224
77500 14646 8273 54581
32518 15508 6084 10926
48393 7242 17574 23577
53344 5385 8684 39275
36202 1679 4361 30162
91911 14166 18508 59237
63179 14984 5946 42249
67429 15158 9834 42437
74563 4709 17821 52033
41972 11200 19340 11432
79724 15546 18158 46020
76502 9658 8487 58357
82946 9558 14954 58434
89111 12116 2714 74281
69168 14103 11831 43234
86671 9942 14738 61991
91228 13296 18054 59878
38458 17251 13741 7466
18640 2490 12292 3858
73121 18017 825 54279
97752 547 672 96533
73130 5609 1595 65926
29103 11793 14786 2524
85473 752 14988 69733
77478 10376 19615 47487
55642 10793 8058 36791
22168 5620 13592 2956
78632 461 8277 69894
80469 15620 4031 60818
83578 3978 15031 64569
52491 1373 3760 47358
60486 1153 6598 52735
48774 14639 9327 24808
71594 17339 494 53761
34435 19039 13524 1872
71171 12566 5030 53575
97152 11679 15125 70348
55991 14035 12716 29240
18189 2913 12812 2464
77671 6914 9711 61046
96977 16432 8488 72057
65618 15342 15865 34411
58352 1206 2706 54440
19377 12850 2263 4264
84576 11283 14973 58320
56706 14474 9634 32598
54442 5230 18838 30374
48992 6337 10288 32367
25550 14439 114 10997
65579 19496 1182 44901
45697 15346 13023 17328
86470 13816 4230 68424
57604 115 1901 55588
77278 11679 15651 49948
36705 8349 9608 18748
32485 11555 8709 12221
29161 702 19196 9263
85330 11920 7566 65844
23614 12978 7572 3064
97671 15036 3843 78792
10869 1378 3997 5494
99044 5578 2919 90547
99843 10785 18822 70236
64873 14080 10055 40738
19785 13764 541 5480
34396 16466 14442 3488
87157 5087 19880 62190
80324 18060 2488 59776
16640 9925 5511 1204
29535 10119 2871 16545
88142 8509 1589 78044
50604 12256 6796 31552
48751 16581 14900 17270
54415 11362 9055 33998
72016 397 17092 54527
72884 4276 8895 59713
74410 16871 12299 45240
78443 4051 319 74073
99457 11569 2662 85226
37595 4332 11487 21776
72932 18918 13801 40213
87610 15832 996 70782
53179 17781 6848 28550
38591 9476 18937 10178
81302 13731 4031 63540
72311 9871 13528 48912
87560 19043 3585 64932
74309 15311 2145 56853
89078 4439 15030 69609
68057 5071 15424 47562
36680 16799 17732 2149
30937 6591 6196 18150
45167 18106 16067 10994
81538 10360 12595 58583
28010 4167 16515 7328
47539 8685 16416 22438
86554 5878 18022 62654
81850 2705 1157 77988
58452 5189 1875 51388
40684 15373 18081 7230
58055 2601 14721 40733
72303 9585 4193 58525
31898 10290 4795 16813
90182 5378 17694 67110
52803 2917 9221 40665
23159 11730 6523 4906
75861 981 9805 65075
34932 11749 15287 7896
33026 10803 19988 2235
54494 8115 9474 36905
35809 3623 7312 24874
59799 11223 6681 41895
85475 14870 4150 66455
83845 3278 14257 66310
95858 15550 1326 78982
69319 8991 18004 42324
69266 17712 1402 50152
57301 4575 17882 34844
55408 8314 6972 40122
43089 2682 14681 25726
95915 9525 5388 81002
19467 8841 8696 1930
84855 11295 3806 69754
79354 13323 17041 48990
47636 19677 4967 22992
28930 1579 15822 11529
77252 2325 11467 63460
84593 11226 5895 67472
38374 15529 16625 6220
84117 4501 13513 66103
86401 2669 10708 73024
53944 14987 9298 29659
43551 11615 6420 25516
37757 407 15223 22127
82643 6017 5551 71075
79730 7025 8880 63825
95177 15910 7683 71584
82177 9049 5991 67137
54783 14346 7402 33035
59957 5135 4974 49848
87638 10784 14171 62683
49425 571 10125 38729
34703 19667 11237 3799
66113 9498 11994 44621
92960 7384 7348 78228
70495 14576 418 55501
21447 7308 11984 2155
32789 7577 6518 18694
74667 2237 9674 62756
97713 13658 5092 78963
98302 17058 4081 77163
87465 9172 17869 60424
53999 6959 7420 39620
46932 7957 14460 24515
41144 11704 8114 21326
36607 5550 8710 22347
79235 13159 2744 63332
77710 4141 1922 71647
24948 173 13486 11289
50096 15699 18988 15409
32475 14738 8234 9503
98572 8515 9259 80798
38281 16136 19565 2580
48844 12849 9550 26445
41106 5899 14965 20242
82028 12262 17887 51879
51872 3665 16279 31928
51509 16473 19121 15915
86597 12536 7796 66265
44847 8315 15043 21489
54667 12701 6673 35293
75931 15422 15382 45127
33073 6804 16263 10006
67342 15381 14667 37294
94036 18641 8274 67121
58058 17927 18936 21195
40805 19426 19739 1640
78975 18963 8536 51476
71177 652 1643 68882
40842 5142 9312 26388
62204 2558 1729 57917
61187 15863 11783 33541
89616 4082 13454 72080
32655 8234 1332 23089
36266 19969 14278 2019
89248 481 17194 71573
93680 14659 3858 75163
67759 16855 15816 35088
16236 3371 10471 2394
36615 14759 14237 7619
56796 2460 18142 36194
36261 7325 14102 14834
40039 8422 15376 16241
81837 8776 3299 69762
51575 8746 13243 29586
77226 19638 14118 43470
70437 11789 972 57676
33674 13709 625 19340
57384 15458 3937 37989
86509 14862 10702 60945
41802 17614 7412 16776
38701 16394 14596 7711
85572 15079 15567 54926
44664 10921 15917 17826
42136 18203 14224 9709
94815 7919 6859 80037
21871 3986 13266 4619
74507 13088 17148 44271
89766 11894 4199 73673
91121 742 6234 84145
51081 2474 15229 33378
56797 8807 2365 45625
79228 13708 16830 48690
89039 8915 7976 72148
67934 7840 19361 40733
97755 19083 18483 60189
78231 19810 4072 54349
55224 18119 972 36133
90350 3310 4500 82540
76216 10097 18141 47978
57254 12110 15411 29733
18772 8857 4120 5795
54064 4352 12983 36729
82367 16564 10776 55027
40722 4779 7257 28686
76637 2872 9599 64166
50826 14585 13603 22638
48576 9461 9927 29188
37175 16968 7361 12846
20534 8044 896 11594
73176 9499 7354 56323
56092 4639 6164 45289
71405 18151 15350 37904
67884 13636 1214 53034
72724 10866 12224 49634
45199 1211 8530 35458
65476 2398 9135 53943
81028 15587 12449 52992
44622 10732 407 33483
37021 18596 7230 11195
45783 9940 15516 20327
87607 11820 2829 72958
72979 15749 5662 51568
49757 17136 5840 26781
71435 7861 19179 44395
65548 6687 18786 40075
62043 3836 14353 43854
82708 17424 17526 47758
71230 17277 5947 48006
55060 10216 7472 37372
74959 16101 18306 40552
95420 6583 18845 69992
90328 6624 11756 71948
88879 6082 9679 73118
88993 18429 15634 54930
70123 17291 5137 47695
85239 7733 13224 64282
69488 15885 6389 47214
43829 17233 12091 14505
89170 15536 18811 54823
57062 16884 17161 23017
10431 2549 670 7212
63861 6251 1357 56253
26444 17038 7690 1716
39442 13515 13291 12636
40418 8648 17710 14060
36002 17778 11557 6667
49057 10545 14672 23840
46787 2525 2769 41493
74981 15666 19237 40078
88880 6929 17494 64457
62452 1285 8120 53047
38303 15084 16138 7081
40996 9160 17438 14398
70328 7015 9032 54281
47998 1295 17473 29230
57648 15702 10577 31369
43012 9040 11714 22258
80820 4677 6305 69838
65575 2374 11921 51280
40773 16676 7130 16967
78073 9285 9581 59207
67541 12327 19462 35752
34549 12934 2083 19532
99924 9347 9719 80858
68691 7373 14442 46876
78859 15445 17368 46046
34220 7318 12637 14265
86201 17031 11023 58147
95831 36 15872 79923
97286 5755 6995 84536
59268 12151 5532 41585
65470 13296 2429 49745
40849 13407 2257 25185
65627 12510 11678 41439
82607 18369 636 63602
94292 15130 19176 59986
56883 17088 3038 36757
81160 17211 17910 46039
32401 9427 7354 15620
61448 9122 10398 41928
83369 18587 13436 51346
76516 11917 13669 50930
80450 2086 6440 71924
38399 9815 3372 25212
94876 16141 6376 72359
75460 12009 17711 45740
75286 10678 13129 51479
63380 9306 7564 46510
36272 3990 2833 29449
82763 14345 13035 55383
97281 19538 2542 75201
62530 14018 15149 33363
13608 5927 6181 1500
48582 14370 14134 20078
99779 19825 9004 70950
59762 13499 9672 36591
69129 8273 12512 48344
36124 4047 2603 29474
72274 19366 7227 45681
65833 2409 15260 48164
84752 14224 15839 54689
70210 12563 16876 40771
99921 16578 11894 71449
91383 16482 12639 62262
96094 18414 11262 66418
56569 18083 19675 18811
26407 16654 2837 6916
51180 1861 14041 35278
66316 14264 9539 42513
98639 11447 11292 75900
18798 13463 4868 467
44221 182 7883 36156
78269 3077 4474 70718
45511 15956 15250 14305
60363 5186 248 54929
52514 117 16305 36092
94348 18751 17316 58281
63487 13909 15361 34217
92040 9924 10757 71359
34137 14337 6810 12990
66738 4949 18287 43502
90049 12816 4573 72660
39301 7162 13539 18600
88273 3526 655 84092
20330 1540 1753 17037
38737 9587 19298 9852
72534 1011 4104 67419
71735 1549 14928 55258
62943 5393 8335 49215
86796 2693 10415 73688
66469 9297 11992 45180
84908 13302 19492 52114
35861 13949 11612 10300
90632 2539 6954 81139
27787 7666 5936 14185
49771 17362 7760 24649
54007 6241 7023 40743
65234 13433 8040 43761
73605 15778 7371 50456
48832 510 18567 29755
28554 19978 5700 2876
97550 16334 15769 65447
31032 15874 14383 775
88848 9065 320 79463
68004 9061 13594 45349
65565 351 15968 49246
53579 17997 14330 21252
69340 3537 11295 54508
54947 11689 8379 34879
60284 9272 17171 33841
4232 4110 9 113
28866 3192 14727 10947
79957 7861 9673 62423
15032 1246 2426 11360
80233 3476 7583 69174
64074 17681 11549 34844
85445 11753 12216 61476
26197 1058 13496 11643
20051 1373 7026 11652
18791 2990 2263 13538
60742 6178 14880 39684
90483 17301 9031 64151
58397 8590 3026 46781
77740 18024 2790 56926
81935 13205 1949 66781
55580 5218 5526 44836
62212 1811 17181 43220
66579 13567 5679 47333
67313 2762 855 63696
92887 1657 9900 81330
74331 18950 7001 48380
44781 16395 6946 21440
46523 5962 15693 24868
63196 8755 18524 35917
94815 14626 19698 60491
29708 13695 7144 8869
35247 6479 13048 15720
39495 18282 16209 5004
82794 16916 16801 49077
15423 5163 2452 7808
88048 4691 15977 67380
56761 8880 11793 36088
96860 1602 19951 75307
77181 847 2827 73507
83558 10415 14108 59035
36786 12242 8321 16223
22702 7211 14063 1428
57400 11749 888 44763
39002 17442 17217 4343
38315 15734 3334 19247
39155 1572 7583 30000
36010 17475 1975 16560
67777 2497 19377 45903
31024 4349 17031 9644
98577 7 8776 89794
93229 3530 16320 73379
46338 19399 3937 23002
56537 16796 14839 24902
51704 18753 8923 24028
52066 5490 14872 31704
89775 13818 15139 60818
35157 15091 16898 3168
76880 3434 7207 66239
98004 3836 17398 76770
75326 18543 9168 47615
41520 10272 19038 12210
94519 8450 14417 71652
77776 13694 18597 45485
21801 7971 6855 6975
46639 17086 6576 22977
22870 13062 682 9126
97448 15685 1784 79979
76103 11810 18732 45561
52261 17167 5009 30085
71409 5136 5315 60958
20067 13978 5294 795
43541 11569 18733 13239
22936 9192 9767 3977
66915 15710 10855 40350
50103 5276 9224 35603
93717 11445 10667 71605
81385 12860 4844 63681
95505 6591 9808 79106
15649 3733 1385 10531
80771 2961 6136 71674
90900 138 6428 84334
21700 4775 2335 14590
57391 18072 2157 37162
92910 5331 13668 73911
65062 14990 17931 32141
98850 17013 13109 68728
99033 13492 8989 76552
35343 17982 8888 8473
57060 4819 884 51357
87870 1523 220 86127
74565 8867 13790 51908
69530 15208 10051 44271
43876 16657 14106 13113
23825 7030 5261 11534
42762 17096 15239 10427
31397 6255 19984 5158
85721 12678 17757 55286
18209 334 11500 6375
46361 9514 5359 31488
71411 1609 7843 61959
24282 9060 2552 12670
96698 8691 1471 86536
55955 16638 19237 20080
33157 194 8275 24688
91597 6448 11081 74068
25272 1563 5401 18308
43057 8564 5259 29234
56446 16128 11812 28506
75779 6178 6728 62873
49548 4147 7200 38201
45366 10900 5913 28553
40646 5775 19295 15576
62218 15194 17151 29873
98337 8529 4066 85742
49783 10912 16756 22115
83024 16228 8593 58203
88563 2696 13536 72331
81677 7644 12766 61267
65897 1 4813 61083
17319 1563 4776 10980
83220 14417 14822 53981
82347 16761 4068 61518
26035 3370 237 22428
91222 4463 12039 74720
79340 6698 747 71895
67819 11295 18010 38514
95468 3325 1772 90371
58756 3516 6072 49168
55379 13702 12983 28694
88971 2471 5294 81206
89479 17154 5594 66731
85041 10462 6461 68118
83760 12766 15293 55701
60020 8371 7339 44310
56077 2086 14865 39126
85016 15573 11260 58183
19771 12659 1478 5634
64732 13160 8087 43485
9580 5963 2350 1267
20350 15335 2292 2723
27261 18928 2936 5397
72097 7104 10308 54685
62357 17405 8331 36621
60312 7219 8434 44659
78398 13817 12054 52527
26000 15808 6929 3263
11050 6956 3603 491
72928 3617 14975 54336
84671 12668 4983 67020
56708 11669 3351 41688
88291 5186 14989 68116
28107 3515 2286 22306
33672 4363 5221 24088
31916 3250 14937 13729
46922 6940 9204 30778
19931 9566 6780 3585
25959 8992 8991 7976
31187 17399 2098 11690
34465 16292 17707 466
25963 3605 9523 12835
58421 9829 12372 36220
35226 10903 16544 7779
25036 10146 12751 2139
93117 16189 11066 65862
86850 6822 11952 68076
95131 3076 4456 87599
18938 11285 1540 6113
57748 18938 4294 34516
84468 1486 613 82369
47338 8942 17845 20551
54246 2588 8978 42680
32053 3423 7271 21359
62045 9257 18742 34046
59573 4388 9152 46033
21518 2901 4659 13958
78376 8717 11499 58160
72270 7814 15012 49444
19921 365 601 18955
87808 5764 18165 63879
62981 12496 9144 41341
65383 8609 10046 46728
60042 5547 6552 47943
83307 3943 7263 72101
89051 11309 13296 64446
68797 10653 17423 40721
51200 10716 15556 24928
66928 11598 16033 39297
84967 8137 13704 63126
71470 17980 1988 51502
51056 9792 19600 21664
30487 4749 18891 6847
87929 18084 12742 57103
98354 4715 9511 84128
99849 6391 19676 73782
28822 16636 2384 9802
32398 18559 6194 7645
70683 18798 3985 47900
80303 3206 1934 75163
21829 8105 5688 8036
28240 280 14005 13955
81490 12115 18001 51374
72750 13807 8557 50386
44357 13302 6840 24215
24462 16038 485 7939
42251 12591 2379 27281
26382 15866 260 10256
74551 16400 18307 39844
10095 3185 2846 4064
24441 18366 1398 4677
35712 12125 15512 8075
97129 8990 14416 73723
97215 3498 13121 80596
72796 6436 5405 60955
64370 15242 7415 41713
92851 18765 7262 66824
75388 7469 16658 51261
89055 13811 17094 58150
33461 5824 7503 20134
85588 16024 4294 65270
87888 15711 11425 60752
46915 11868 9973 25074
76299 6940 10442 58917
45366 10182 6137 29047
35934 3808 2064 30062
21246 7505 13294 447
90467 19335 6530 64602
63870 15876 3540 44454
37574 18136 10942 8496
77934 8601 19090 50243
60571 9971 16780 33820
27966 12425 846 14695
71213 17574 13255 40384
46588 2818 18998 24772
68611 13959 17046 37606
24851 12291 1513 11047
63626 7293 14848 41485
33922 10196 7464 16262
60964 13146 1538 46280
33798 13332 14746 5720
44620 19139 17252 8229
55196 3494 3229 48473
92515 12444 15081 64990
79151 11731 9865 57555
93642 16249 10031 67362
76898 7037 13665 56196
55157 4804 11152 39201
83248 719 502 82027
55646 4611 9527 41508
30638 10507 11985 8146
68971 984 16370 51617
93162 1862 16176 75124
51854 17574 18647 15633
61766 2996 6602 52168
31709 6693 19567 5449
37058 11202 2520 23336
7605 5358 1154 1093
37752 3247 18104 16401
67159 9780 2359 55020
85957 13560 19029 53368
33466 14315 10344 8807
81727 6439 13660 61628
30673 15627 7009 8037
83649 5117 719 77813
13017 1105 4537 7375
64510 2884 79 61547
73271 14016 5179 54076
62485 12068 16404 34013
89820 13463 9720 66637
27844 17271 8731 1842
46459 11715 11198 23546
92584 10203 19039 63342
24774 13430 5829 5515
70503 7744 19658 43101
84118 9677 4430 70011
37348 3444 2430 31474
78782 11612 16723 50447
85851 2139 9318 74394
43577 6207 18183 19187
9847 4176 4716 955
29594 11560 9015 9019
21963 662 19737 1564
30956 7972 3478 19506
63988 17154 14365 32469
82192 11313 700 70179
58037 13916 4465 39656
56066 19242 6719 30105
48808 9648 5910 33250
44174 6288 7705 30181
35824 12793 9593 13438
40929 2662 6995 31272
27631 7007 18862 1762
48557 8271 6024 34262
65239 7595 3730 53914
81205 9263 13052 58890
90548 10581 19982 59985
46839 6651 10249 29939
94676 6113 12970 75593
43349 9747 1812 31790
53308 19092 11127 23089
55416 18403 9451 27562
69911 11241 4661 54009
28370 14081 12147 2142
83919 7976 6505 69438
90284 13029 13977 63278
61569 12442 17637 31490
91936 17272 19248 55416
29419 10654 16248 2517
64083 19272 16784 28027
46971 12372 10110 24489
29423 10120 2049 17254
70736 19203 6592 44941
17918 2043 3658 12217
78636 15413 10214 53009
94619 12572 18729 63318
89362 8069 19787 61506
78344 10124 2497 65723
91681 15943 14661 61077
25664 5228 8601 11835
64160 10002 19723 34435
68164 7394 11990 48780
19048 5559 8341 5148
98927 1694 8552 88681
24602 10153 9640 4809
18465 10019 3866 4580
98518 14252 3692 80574
80849 15536 12582 52731
91717 10678 732 80307
85357 4261 19514 61582
51798 17235 15839 18724
90851 19196 18732 52923
74403 12203 11006 51194
99260 16085 1261 81914
90927 18652 9536 62739
57706 19273 12331 26102
85861 18723 10827 56311
36680 10835 11140 14705
60483 17184 19082 24217
69077 12131 15319 41627
61293 6123 10067 45103
23877 9252 8346 6279
79630 14301 14358 50971
96493 821 322 95350
98064 16714 2245 79105
72521 11225 17025 44271
54884 19239 2935 32710
26222 6248 9128 10846
10140 9789 336 15
42527 19576 16018 6933
62492 8347 3403 50742
56580 12998 2697 40885
18223 13595 2553 2075
99605 4933 12441 82231
52086 3310 4688 44088
84797 5462 11829 67506
63896 4632 13187 46077
60964 10008 11973 38983
46568 16947 15120 14501
34202 9813 3062 21327
40410 12824 15080 12506
51590 8457 14324 28809
36893 13916 16579 6398
43111 12791 10118 20202
27858 12701 13915 1242
96098 15143 5122 75833
81961 13720 4300 63941
23182 16793 1105 5284
98809 3381 12623 82805
62354 9106 16269 36979
61781 13462 14922 33397
37083 3599 8445 25039
30766 17054 2032 11680
47896 9944 2296 35656
92088 11030 13493 67565
83691 2713 10527 70451
84999 19149 5715 60135
79331 5046 7807 66478
85261 11164 8973 65124
19248 11988 3240 4020
51809 1343 17729 32737
97989 3149 8524 86316
54443 6305 18049 30089
65135 4962 19117 41056
67494 10442 2533 54519
69045 14052 17338 37655
98591 17255 9204 72132
74114 18382 669 55063
79726 959 15017 63750
63836 11340 2886 49610
40429 3695 14546 22188
31359 240 17340 13779
66742 13583 11152 42007
35209 10861 4985 19363
24478 12483 6085 5910
53518 13519 12546 27453
29170 4072 17107 7991
78894 1799 6577 70518
43218 7169 10747 25302
33459 17956 13738 1765
69207 13545 6402 49260
25867 2878 17727 5262
49741 2556 14486 32699
50115 4323 13387 32405
