405
47939435716561 2958598449
19922260926096 9619686400
659896275600 4232413249
84715401585409 1277705025
20538797400625 9553889536
6894174456976 2613561129
14727104683281 9588130561
78108140570161 2732989284
79510213922500 3399822864
65133454480900 137077264
26373514315225 7873900225
34860498701284 2542176400
17347433250625 114318864
18189175825129 1266221056
99003813404356 144769024
2346978040225 482329444
1935904911424 96412761
12261832856100 5326372324
13336526990241 854977600
32230259208900 7375717924
940545013489 1846420900
1003052325625 2635898281
41983039042624 9496502500
38755903979776 1835351281
84686079870016 6647793156
74457742632100 5766883600
12028875983289 329712964
56530007598736 4693346064
16101159390625 3687404176
31755648096225 1675346761
28566887040000 418775296
3581075571129 6882195681
91910147172484 3072817489
181225444 57032704
29883157969401 848964769
10618037312089 6279770025
47829921782724 3374912836
19348755233284 1548186409
33823991569 248945284
62840214461124 632924964
10856899790361 9107457489
13209953702500 1899565056
5081823404100 7929724401
47373899436900 108847489
474388960081 4582613025
13462595677881 3074148025
47697380256241 1332104004
35799292529001 265657401
38074403838916 2143504804
38052205810609 3441934224
26371809351801 5971271076
45428152681681 6217953316
16987141430116 3726369936
1789203187321 4320038529
3685900816900 6460944400
28730607688836 6706791025
25262033038225 3291202161
3701198822500 8318169616
59513479392004 7006694436
56633767342681 6183148689
90988915293721 6887008144
7030372705225 314849536
24999590001681 8723933604
74729143738404 5320097721
84088349800900 6831187801
46237130444521 7548134400
96246832439209 2645970721
95232725604 38763076
67352961403225 657721
48081299028624 218093824
11591770999561 5180976441
75096020313616 5086970329
85071790092969 5439652516
772240227984 4079632384
23179439137009 7038371025
7967607063025 2604979521
14344012447801 320732281
7389116833849 8221048900
28477399762084 931897729
9426914027584 938135641
37860024302500 7642256400
25133307235969 4523100516
69043303192900 5303189329
12693372826176 1929493476
44599637463616 60980481
17797817812516 419225625
3062640001600 935381056
81376474433881 67436944
15954168867289 5482662025
2680021103929 6574128561
72900739705249 76265289
37578971968561 3541916196
1083664344064 8494018569
17230244770489 6122436516
119021550025 2468201761
82395977391729 3290972689
27490391224384 675792016
27132128740201 3540369001
1478378764996 716472289
35647921065744 990025
62733892543729 3714536809
57785341178889 22800625
24789186307876 6137939025
19432526998756 7025289489
56506747307409 9055996569
463788240400 6563916324
270345922704 839318841
16577600833600 497959225
43258717962496 7563259089
80961952468996 6028435449
13331984387401 3228853329
8922808229449 7910323600
9713619422224 5334695521
57382912672801 3421197081
92970632368384 55696369
39352335644736 2158903296
27083510289124 5310036900
19706576545681 841406049
51158728316089 1188100
51884793672100 1597920676
40551360320025 151511481
55335090827536 38130625
36177867158416 2975484304
13062622350625 102860164
43943243260900 95335696
10273569868081 2764446084
98851715456400 251317609
22203415202500 137827600
34552788498244 828576225
11206345417744 7599480625
25036743490929 948147264
9199550021776 5082121521
90503333528976 4376748649
49605285782404 410224516
1625390408464 118701025
1274458108561 8046987025
12241209577536 638269696
31372186783744 1019333329
8907305909121 450373284
86248907646841 2527072900
12088485922500 8537390404
26211194977969 1103900625
7149083445729 1120910400
43930437024016 416608921
5613563535616 525418084
94750055153296 2169975889
7167094642449 8130268224
1622194511716 1478094916
1543100590656 7809963876
13842083045025 1083133921
11276896055881 668998225
55846267057296 8248384
41182791733924 1626024976
39522986666361 268402689
723989967376 2998329049
4089980416900 4429035601
62036400989761 3043949584
54259134566400 4042162084
7727471507889 127306089
12883914399889 704106225
2129084164 2789107344
43282438365721 3510207009
15456558579289 7529206441
50131625176161 880783684
1801414940224 429940225
64595989088569 3572094289
12538574770225 1013594569
76651565887744 3793574464
2696081900625 51595489
84817726799716 1324596025
21820996977025 9118340100
34086587610384 8066195344
66003535553536 2912005369
6115931787681 18515809
24995570196249 5084117809
35747878976209 12166144
16197517848996 710489025
59132135241 6168374521
40057721999689 5202448384
90481321035889 1881564129
7763556851856 977687824
16363295154649 3348589689
57697924687225 5580090000
63754763376964 5275407424
25953003059281 9913388356
7985462132736 803495716
51028551025 7484153121
22197346496836 56055169
81494582679225 340956225
55841424634944 3201183241
45445327929225 9661710436
37103886959616 2201111056
72735039338256 8644350625
7993223818441 8282274049
27379788804900 5201871376
4548938214976 6191014489
76170931939216 3945724225
53678877068569 5509795984
99715882094656 57123364
1070604090000 392277636
27108569014921 1793946025
8951256178225 7859886336
10144823788836 6647140900
46724894184721 2482530625
7869494888644 7277284249
594379321600 304956369
83816515178496 4033647121
2174952451984 2955988161
48814941059361 4511137225
55675683484996 2995810756
25947440262769 5195382241
4721972460100 811110400
23162100540804 8602748001
12246535245025 9397557481
93908658659904 671950084
14571557887441 47568609
34231907446416 959760400
75055469863936 3622474969
34055627918400 4173849
80442907186009 9046102321
93201588885409 245705625
60612422018404 3392014081
280843822809 9359982009
41529634033801 3149791129
25661438066944 666001249
86997387363121 2550755025
28902526475449 819562384
5781336522481 7799362596
2000496243321 83174400
27500993851321 4354680100
80876962758244 2541672225
875512033344 437269921
2200837524484 5541760249
3474283507249 2619392400
1647903661849 6304677604
10444524776401 314565696
84141122085409 5146197169
72215477124961 4071716100
663732831204 5591898841
1226855293225 32194276
64448800056001 1685266704
12649666749769 961806169
16273882128100 6556788676
1231496233984 8538684025
69841605122641 4115222500
29101881787456 3537156676
9209616520225 4830945025
2515890856336 1552438801
416732220304 3814209
23420556991441 6772960804
21598038622161 16305444
40052582921521 3866974225
1840518215649 1871514121
68479580507121 2501400196
37452086675721 5483106304
42607198801561 3131857369
71555053196484 123254404
28520427564304 215443684
56482394537529 9599492529
86339275523449 2626050025
84585434397156 5710522624
1448961097984 3025550025
26371994224689 4125492900
21501277480809 4150322929
5293445961001 37687321
45779459666704 8785312900
457112562201 234212416
32786205653776 6237050625
807638323969 1441113444
46437301218064 2124564649
82898402780736 389233441
70198340618025 9195083881
17453143868416 835325604
284003726400 5836654404
2592505735876 5461062201
65083104108100 6716785936
27245539515076 3436538884
27583840129024 3450857536
85966240000 4987043161
40669993553809 8083268649
156418668004 1953374809
710804120464 293882449
28087371261504 6235471225
70751666782801 111175936
17408112323809 3987543609
82732376998756 98327056
16069892160529 5475852001
28528802007696 7841279601
8763512264329 1506914761
21788712100 7718852449
42724472668816 125641681
57961758280644 250050969
26523777215376 331567681
22027008570436 8893433025
24107226027921 1103767729
29430462250225 1328456704
49171930552900 9800010025
702019433956 4715294224
10690127219776 11710084
16951566403984 2620211344
44768637937969 1214801316
7341899644836 4386545361
45598457591569 520159249
70624930130496 1787260176
7091537044036 1083463056
12251813067081 277729
81837751002084 12916836
8571503410369 5871390625
346119245761 6722032144
79627210334464 4542355609
68417348304484 2847396321
6519218332176 111154849
35661845836516 1113556900
90157398765625 6432521209
82899659255625 2619494761
10828667001636 1929493476
46064454926400 7263641529
75062331477904 799928089
64531691718244 7060704784
19330056387216 3000848400
36015841742400 5803240041
25034551930116 6893648784
8252342090721 2555504704
616818602884 2482032400
1512759783249 9659941225
1710887544081 4265396100
46374057022500 4794177600
4281601055209 7542054025
365356175809 6360484
18181678944004 2620825636
9548149440064 68890000
34558420006881 1946397924
21245379151441 1358659600
9003696379456 523494400
1858518725625 7954677721
10290682249 5659641
55804844229696 6312779209
28111819035364 2871673744
71861834762496 315240025
1678556039281 3306480004
48719590323364 1212223489
20814526542436 558565956
37707066609664 4439157129
41965261363600 58982400
13053190926400 8680835241
4461802840804 2708682025
99847458216900 22877089
425739285169 859193344
55703369513961 4333457241
25047022090000 526977936
17549564208400 60668521
1108063601316 8064938025
77510732944324 8049678400
6415587475801 9865654276
17011186789444 34999056
1689259081225 1666925584
24516144098884 3150625
54890999051716 20820969
6513658482969 9967027225
14753496096784 977687824
17636774547456 373262400
56452411764324 9560928400
740432714256 7321369225
66339037634884 4467585600
55700339386756 1133534224
95260762266244 1576645849
95293207806976 1753515625
1694683240000 1335171600
33211915428484 5220640516
73124954023969 59706529
15382099688004 1614753856
867088742976 922883641
6678932115769 4027552369
90198308403841 1028356624
3761520607296 303735184
1932177840784 3003368809
40474293287481 216501796
57454838530609 1983188089
2312130083761 203376121
9383384159361 43401744
32203661479929 2862036004
22223709925209 10265616
52414602682849 2920681
70558622406724 14085009
22539563332225 2531196721
42505210238404 379158784
1916075529 1665211249
1307521353961 7816504921
23004177135289 2813135521
81329013427600 4307296900
42261934842724 412164
8288053694404 559417104
23146548499396 5254510144
50948517179329 1675264900
55183681959184 9962634969
6215477803396 2269474321
36043729271449 79637776
44820922794649 96727225
24848510189584 191711716
10645563664516 28847641
14961044938401 1788613264
9372592437961 6216376336
28193179575625 7714108900
99140554594225 8385064900
13071645013729 376592836
