47936477118062
19912641239637
655663862321
84714123880350
20529243511026
6891560895817
14717516552672
78105407580832
79506814099591
65133317403601
26365640414956
34857956524845
17347318931726
18187909604040
99003668635287
2346495710736
1935808498625
12256506483731
13335672012582
32222883490921
938698592550
1000416427296
41973542540075
38754068628457
84679432076817
74451975748441
12028546270290
56525314252637
16097471986406
31753972749416
28566468264661
3574193375400
91907074354955
124192705
29882309004582
10611757542020
47826546869835
19347207046825
33575046240
62839581536125
10847792332832
13208054137401
5073893679651
47373790589371
469806347022
13459521529822
47696048152222
35799026871562
38072260334077
38048763876350
26365838080692
45421934728322
16983415060127
1784883148762
3679439872451
28723900897767
25258741836036
3692880652831
59506472697525
56627584193952
90982028285522
7030057855646
24990866068032
74723823640645
84081518613051
46229582310082
96244186468440
95193962495
67352960745466
48081080934755
11586590023072
75090933343237
85066350440400
768160595555
23172400765950
7965002083456
14343691715492
7380895784910
28476467864295
9425975891895
37852382046061
25128784135430
69038000003531
12691443332657
44599576483107
17797398586857
3061704620501
81376406996892
15948686205220
2673446975330
72900663439930
37575430052332
1075170325455
17224122333940
116553348226
82392686418990
27489715432325
27128588371162
1477662292667
35647920075695
62730178006870
57785318378240
24783048368807
19425501709227
56497691310790
457224324031
269506603815
16577102874321
43251154703367
80955924033507
13328755534032
8914897905810
9708284726655
57379491475692
92970576671975
39350176741407
27078200252195
19705735139602
51158727127960
51883195751381
40551208808526
55335052696877
36174891674057
13062519490426
43943147925161
10270805421962
98851464138761
22203277374861
34551959921975
11198745937055
25035795343630
9194467900227
90498956780277
49604875557865
1625271707415
1266411121482
12240571307787
31371167450385
8906855535812
86246380573902
12079948532051
26210091077320
7147962535310
43930020415047
5613038117497
94747885177347
7158964374190
1620716416747
1535290626727
13840999911066
11276227057592
55846258808877
41181165708925
39522718263642
720991638277
4085551381261
62033357040132
54255092404291
7727344201780
12883210293640
0
43278928158692
15449029372800
50130744392432
1800984999955
64592416994240
12537561175626
76647772313235
2696030305096
84816402203647
21811878636896
34078521414985
66000623548137
6115913271832
24990486078400
35747866810040
16196807359937
52963760672
40052519551270
90479439471720
7762579163967
16359946564910
57692344597196
63749487969495
25943089670872
7984658636977
43544397866
22197290441637
81494241722966
55838223451675
45435666218746
37101685848537
72726394987587
7984941544342
27374586933491
4542747200457
76166986214947
53673367272540
99715824971257
1070211812321
27106775068842
8943396291826
10138176647887
46722411654052
7862217604345
594074365201
83812481531337
2171996463775
48810429922102
55672687674197
25942244880480
4721161349681
23153497792765
12237137687486
93907986709785
14571510318792
34230947685967
75051847388937
34055623744521
80433861083650
93201343179750
60609030004295
271483840750
41526484242622
25660772065665
86994836608062
28901706913020
5773537159832
2000413068892
27496639171182
80874421085985
875074763375
2195295764195
3471664114810
1641598984200
10444210210672
84135975888200
72211405408832
658140932305
1226823098926
64447114789252
12648704943560
16267325339361
1222957549905
69837489900112
29098344630737
9204785575156
2514338417487
416728406075
23413784030582
21598022316692
40048715947242
1838646701490
68477079106902
37446603569382
42604066944152
71554929942055
28520212120585
56472795044940
86336649473390
84579723874497
1445935547935
26367868731750
21497127157840
5293408273632
45770674353755
456878349762
32779968603117
806197210500
46435176653375
82898013547247
70189145534096
17452308542777
278167071951
2587044673647
65076387322101
27242102976147
27580389271435
80979196801
40661910285110
154465293145
710510237965
28081135790235
70751555606832
17404124780150
82732278671657
16064416308480
28520960728047
8762005349530
14069859601
42724347027107
57961508229645
26523445647657
22018115137367
24106122260152
29429133793476
49162130542851
697304139687
10690115509677
16948946192615
44767423136630
7337513099437
45597937432280
70623142870287
7090453580947
12251812789322
81837738085215
8565632019690
339397213582
79622667978815
68414500908115
6519107177297
35660732279577
90150966244386
82897039760816
10826737508117
46057191284831
75061531549765
64524631013425
19327055538787
36010038502331
25027658281277
8249786585972
614336570455
1503099841970
1706622147942
46369262844851
4274059001150
365349815300
18179058118325
9548080550025
34556473608902
21244020491792
9003172885017
1850564047836
10285022570
55798531450437
28108947361565
71861519522447
1675249559242
48718378099855
20813967976437
37702627452495
41965202381161
13044510091111
4459094158735
99847435339781
424880091770
55699036056682
25046495112011
17549503539841
1099998663247
77502683265865
6405721821472
17011151790345
1687592155596
24516140948235
54890978230717
6503691455690
14752518408895
17636401285027
56442850835875
733111344987
66334570049235
55699205852497
95259185620345
95291454291307
1693348068371
33206694787935
73124894317400
15380484934105
866165859287
6674904563370
90197280047172
3761216872087
1929174471935
40474076785652
57452855342470
2311926707612
9383340757592
32200799443890
22223699659570
52414599762140
70558608321695
22537032135456
42504831079575
250864240
1299704848992
23001363999730
81324706130651
42261934430545
8287494277265
23141293989217
50946841914380
55173719324175
6213208329027
36043649633630
44820826067380
24848318477835
10645534816827
14959256325092
9366376061582
28185465466676
99132169529276
13071268420840
