88 27 40
74 83
50 61
82 88
73 97
2 16
54 57
38 55
49 76
87 100
60 82
94 94
20 28
44 79
69 81
22 25
39 49
1 50
65 85
19 51
80 93
14 35
3 69
85 95
32 86
59 98
76 81
93 97
94 99
84 84
35 46
14 58
45 94
2 44
10 43
69 78
55 65
41 75
36 51
25 34
39 40
86 90
5 13
27 81
58 87
22 78
35 47
3 32
52 63
18 51
62 63
80 83
1 71
13 77
65 71
26 76
38 64
37 37
75 93
29 84
3 16
56 75
34 84
98 99
75 84
99 100
63 67
84 97
95 95
46 75
90 95
33 42
19 19
81 96
93 99
11 46
38 100
74 97
3 59
28 43
16 91
65 91
90 94
26 82
56 100
29 35
94 100
18 58
61 71
31 35
11 91
84 88
20 75
69 70
92 98
20 91
93 98
48 86
83 99
99 99
88 96
11 89
10 67
80 91
86 88
69 97
99 100
87 87
82 83
96 100
31 63
67 93
22 84
82 83
77 92
65 85
79 97
30 60
10 31
26 41
11 59
46 94
60 86
66 87
72 72
96 98
31 54
95 97
89 92
